

13,3;14,3;15,3;16,3;17,3;18,3;19,3;20,3;21,3;45,3;46,3;47,3;48,3;49,3;50,3;51,3;52,3;53,3;77,3;78,3;79,3;80,3;81,3;82,3;83,3;84,3;85,3;86,3;87,3;109,3;110,3;111,3;112,3;113,3;114,3;115,3;116,3;117,3;118,3;119,3;12,4;22,4;44,4;54,4;76,4;88,4;108,4;120,4;11,5;23,5;43,5;55,5;75,5;89,5;107,5;121,5;13,35;14,35;15,35;16,35;17,35;18,35;19,35;20,35;21,35;45,35;46,35;47,35;48,35;49,35;50,35;51,35;52,35;53,35;77,35;78,35;79,35;80,35;81,35;82,35;83,35;84,35;85,35;109,35;110,35;111,35;112,35;113,35;114,35;115,35;116,35;117,35;12,36;22,36;44,36;54,36;76,36;86,36;108,36;118,36;11,37;23,37;43,37;55,37;75,37;87,37;107,37;119,37;
13,4;14,4;15,4;16,4;17,4;18,4;19,4;20,4;21,4;45,4;46,4;47,4;48,4;49,4;77,4;78,4;79,4;80,4;81,4;82,4;83,4;84,4;85,4;86,4;87,4;109,4;110,4;111,4;112,4;113,4;114,4;115,4;116,4;117,4;118,4;119,4;14,5;15,5;16,5;17,5;18,5;21,5;22,5;44,5;45,5;46,5;47,5;48,5;50,5;51,5;53,5;76,5;77,5;78,5;79,5;80,5;81,5;82,5;83,5;87,5;88,5;108,5;109,5;113,5;114,5;115,5;116,5;117,5;118,5;119,5;120,5;11,6;14,6;15,6;16,6;17,6;18,6;21,6;22,6;23,6;43,6;47,6;49,6;50,6;51,6;53,6;54,6;75,6;76,6;77,6;78,6;82,6;86,6;88,6;89,6;107,6;108,6;110,6;112,6;114,6;115,6;118,6;15,7;16,7;17,7;21,7;22,7;44,7;54,7;76,7;77,7;79,7;81,7;87,7;110,7;112,7;113,7;20,8;78,8;79,8;112,8;13,36;14,36;15,36;16,36;17,36;18,36;19,36;20,36;21,36;45,36;46,36;47,36;48,36;49,36;50,36;51,36;52,36;53,36;77,36;78,36;79,36;80,36;81,36;82,36;83,36;84,36;85,36;109,36;110,36;111,36;112,36;113,36;114,36;115,36;116,36;117,36;12,37;13,37;14,37;15,37;16,37;17,37;20,37;21,37;22,37;44,37;45,37;46,37;47,37;48,37;49,37;52,37;53,37;54,37;76,37;77,37;78,37;79,37;80,37;81,37;84,37;85,37;86,37;108,37;109,37;110,37;111,37;112,37;113,37;114,37;117,37;118,37;11,38;12,38;13,38;16,38;17,38;20,38;21,38;22,38;23,38;43,38;44,38;45,38;48,38;49,38;52,38;53,38;54,38;55,38;75,38;76,38;77,38;80,38;81,38;84,38;85,38;86,38;87,38;107,38;108,38;109,38;110,38;113,38;114,38;117,38;118,38;119,38;12,39;13,39;16,39;17,39;20,39;21,39;22,39;44,39;45,39;48,39;49,39;52,39;53,39;54,39;76,39;77,39;80,39;81,39;84,39;85,39;86,39;108,39;109,39;110,39;113,39;114,39;117,39;118,39;17,40;20,40;49,40;52,40;81,40;84,40;110,40;114,40;
12,5;13,5;19,5;20,5;41,10;42,11;43,12;43,13;7,14;8,14;9,14;10,14;11,14;12,14;43,14;19,18;18,19;17,20;18,37;19,37;50,37;51,37;82,37;83,37;115,37;116,37;14,38;15,38;46,38;47,38;78,38;79,38;111,38;112,38;38,39;39,39;40,40;41,41;43,41;42,42;115,43;109,47;110,47;107,48;108,48;73,49;105,49;106,49;74,50;9,51;73,51;10,52;21,52;53,52;72,52;85,52;118,52;9,53;20,53;52,53;71,53;84,53;117,53;8,54;19,54;51,54;71,54;83,54;116,54;7,55;7,56;

12,6;13,6;19,6;20,6;84,6;116,6;83,7;84,7;86,7;115,7;116,7;82,8;84,8;86,8;87,8;119,8;78,9;79,9;80,9;82,9;83,9;84,9;86,9;110,9;114,9;118,9;119,9;77,10;78,10;79,10;80,10;87,10;116,10;117,10;118,10;119,10;37,11;38,11;39,11;40,11;80,11;82,11;108,11;117,11;118,11;36,12;37,12;38,12;39,12;40,12;41,12;71,12;86,12;103,12;118,12;5,13;36,13;37,13;38,13;39,13;40,13;41,13;70,13;71,13;72,13;102,13;103,13;104,13;6,14;36,14;37,14;38,14;39,14;40,14;41,14;69,14;70,14;71,14;72,14;73,14;101,14;102,14;103,14;104,14;105,14;36,15;37,15;38,15;39,15;40,15;41,15;70,15;71,15;72,15;102,15;103,15;104,15;18,16;19,16;20,16;21,16;37,16;38,16;39,16;40,16;71,16;103,16;17,17;18,17;19,17;20,17;10,18;11,18;12,18;13,18;16,18;17,18;18,18;12,19;13,19;14,19;15,19;16,19;17,19;13,20;15,20;16,20;14,21;18,38;19,38;50,38;51,38;82,38;83,38;115,38;116,38;14,39;15,39;46,39;47,39;78,39;79,39;111,39;112,39;103,49;104,49;20,50;21,50;22,50;23,50;52,50;53,50;54,50;55,50;84,50;85,50;86,50;87,50;104,50;117,50;118,50;119,50;120,50;19,51;20,51;21,51;22,51;51,51;52,51;53,51;54,51;83,51;84,51;85,51;86,51;116,51;117,51;118,51;119,51;12,52;13,52;14,52;15,52;18,52;19,52;20,52;44,52;45,52;46,52;47,52;50,52;51,52;52,52;76,52;77,52;78,52;79,52;82,52;83,52;84,52;109,52;110,52;111,52;112,52;115,52;116,52;117,52;14,53;15,53;16,53;17,53;18,53;19,53;46,53;47,53;48,53;49,53;50,53;51,53;78,53;79,53;80,53;81,53;82,53;83,53;111,53;112,53;113,53;114,53;115,53;116,53;15,54;17,54;18,54;47,54;49,54;50,54;79,54;81,54;82,54;112,54;114,54;115,54;16,55;48,55;80,55;113,55;
13,7;14,7;18,7;19,7;15,8;16,8;17,8;37,38;38,38;39,38;18,39;40,39;41,39;50,39;82,39;115,39;15,40;18,40;41,40;42,40;47,40;50,40;79,40;82,40;112,40;115,40;16,41;17,41;42,41;48,41;49,41;80,41;81,41;113,41;114,41;72,50;73,50;71,51;72,51;8,52;9,52;71,52;7,53;8,53;70,53;7,54;70,54;6,55;70,55;6,56;6,57;
12,7;20,7;13,8;14,8;18,8;19,8;21,17;20,18;11,19;19,19;12,20;14,20;18,20;13,21;15,21;16,21;17,21;19,39;51,39;83,39;116,39;14,40;16,40;19,40;46,40;48,40;51,40;78,40;80,40;83,40;111,40;113,40;116,40;14,41;15,41;18,41;19,41;46,41;47,41;50,41;51,41;78,41;79,41;82,41;83,41;111,41;112,41;115,41;23,51;55,51;87,51;120,51;22,52;54,52;86,52;119,52;13,53;21,53;45,53;53,53;77,53;85,53;110,53;118,53;14,54;16,54;20,54;46,54;48,54;52,54;78,54;80,54;84,54;111,54;113,54;117,54;15,55;17,55;18,55;19,55;47,55;49,55;50,55;51,55;79,55;81,55;82,55;83,55;112,55;114,55;115,55;116,55;


13,9;15,9;17,9;18,9;13,10;17,10;16,11;19,12;18,13;19,13;17,14;14,42;16,42;18,42;19,42;46,42;48,42;50,42;51,42;78,42;80,42;82,42;83,42;111,42;113,42;14,43;18,43;46,43;50,43;78,43;82,43;111,43;17,44;18,44;21,44;49,44;50,44;53,44;81,44;82,44;85,44;118,44;18,45;50,45;82,45;115,45;45,46;14,47;17,47;46,47;49,47;78,47;81,47;111,47;114,47;13,48;
14,9;16,9;15,10;15,42;17,42;47,42;49,42;79,42;81,42;112,42;114,42;16,43;48,43;80,43;113,43;15,45;17,45;47,45;49,45;79,45;81,45;16,46;48,46;80,46;113,46;
14,10;16,10;15,11;15,43;17,43;47,43;49,43;79,43;81,43;112,43;16,44;48,44;80,44;16,45;48,45;80,45;15,46;17,46;47,46;49,46;79,46;81,46;114,46;
18,10;12,12;18,14;17,15;117,42;19,43;20,43;51,43;83,43;117,43;118,43;51,44;52,44;83,44;84,44;116,44;117,44;21,45;45,45;51,45;52,45;77,45;83,45;84,45;110,45;116,45;117,45;19,46;20,46;21,46;51,46;52,46;76,46;77,46;83,46;84,46;116,46;117,46;18,47;19,47;20,47;50,47;51,47;77,47;82,47;83,47;115,47;116,47;14,48;18,48;19,48;50,48;82,48;115,48;13,49;


12,10;10,11;11,11;12,11;13,11;14,11;10,12;11,12;14,44;15,44;45,44;46,44;47,44;78,44;79,44;110,44;111,44;112,44;14,45;46,45;78,45;14,46;18,46;46,46;50,46;78,46;82,46;115,46;13,47;15,47;16,47;47,47;48,47;76,47;79,47;80,47;112,47;113,47;12,48;12,49;
17,11;18,11;8,12;9,12;18,12;15,15;16,15;13,16;14,16;13,17;14,17;116,41;117,41;52,42;53,42;84,42;85,42;116,42;44,43;52,43;84,43;19,44;20,44;19,45;108,45;109,45;108,46;75,48;17,49;18,49;49,49;50,49;81,49;82,49;114,49;115,49;11,50;15,50;16,50;47,50;48,50;79,50;80,50;112,50;113,50;15,51;16,51;47,51;48,51;79,51;80,51;112,51;113,51;
8,13;16,16;45,43;53,43;85,43;44,44;20,45;75,47;15,48;16,48;17,48;47,48;48,48;49,48;76,48;79,48;80,48;81,48;112,48;113,48;114,48;11,49;12,50;18,50;50,50;82,50;115,50;



13,15;14,15;15,49;16,49;47,49;48,49;79,49;80,49;112,49;113,49;
44,41;43,42;44,42;42,43;43,43;73,48;74,48;74,49;75,49;9,50;10,50;75,50;10,51;11,51;11,52;

15,16;15,17;17,50;49,50;81,50;114,50;17,51;49,51;81,51;114,51;
85,6;111,6;80,7;85,7;111,7;80,8;85,8;88,8;108,8;111,8;114,8;47,9;85,9;87,9;108,9;111,9;113,9;47,10;51,10;82,10;83,10;84,10;86,10;108,10;109,10;110,10;112,10;47,11;84,11;86,11;87,11;88,11;110,11;112,11;113,11;114,11;47,12;49,12;83,12;85,12;109,12;111,12;48,13;82,13;85,13;108,13;111,13;49,14;80,14;85,14;111,14;50,15;51,15;52,15;80,15;85,15;111,15;17,16;80,16;108,16;12,17;16,17;43,17;108,17;14,18;15,18;44,18;45,18;19,50;51,50;83,50;116,50;14,51;18,51;46,51;50,51;78,51;82,51;111,51;115,51;16,52;17,52;48,52;49,52;80,52;81,52;113,52;114,52;


